1.0 0.9682458365518541
1.5 1.0134441820214188
10.0 0.9975623485879992
10.5 0.9965864308583745
11.0 0.995932455915722
11.5 0.9992204753914717
12.0 0.9953075163291608
12.5 1.0030033794024336
13.0 0.9991383984780196
13.5 1.0050089598186778
14.0 0.9983174753118248
14.5 1.0104135321665777
15.0 0.9965168942016048
15.5 1.0056909417578517
16.0 0.997266832686578
16.5 0.9993194453628621
17.0 1.0025106688131424
17.5 0.9984391525042372
18.0 0.9991472994205304
18.5 1.000965242649126
19.0 0.9959732536286957
19.5 1.0009758196071248
2.0 0.9927446205282605
2.5 0.9931901971308252
20.0 1.0006277135094659
20.5 1.00061924596948
21.0 0.9946527219721374
21.5 0.9982501780777745
22.0 0.997765371582479
22.5 1.0007404665953512
23.0 1.003423790113387
23.5 1.005830139878822
24.0 0.9995840685172099
24.5 1.0015289062614197
25.0 0.9941054706830654
25.5 0.99646445832903
26.0 0.9977920493844374
26.5 0.9989182264230195
27.0 0.9998528965177308
27.5 1.001355543429668
28.0 1.001922110198995
28.5 1.00232431508052
29.0 1.0025702077683327
29.5 1.003368115260857
3.0 0.9867967802605517
3.5 1.0130902208503274
30.0 1.0033123716168824
30.5 0.999268560863035
31.0 1.003122443672287
31.5 0.9990460528079159
32.0 1.0034716614013686
32.5 0.9993578575371888
33.0 1.0072631273397241
33.5 0.9988819379938854
34.0 1.0066603826765113
34.5 0.9982936728792261
35.0 1.005948320850185
35.5 0.9982263784525244
36.0 1.0051323471084852
36.5 0.9974198283168254
37.0 1.004835589122155
37.5 0.996516894201605
38.0 1.0038173842690161
38.5 0.9955223258493596
39.0 1.002710212678597
39.5 0.9990346358249841
4.0 1.016154518144797
4.5 1.00346069799918
40.0 1.0021083422727852
41.0 0.9990848165562705
5.0 1.0048871416509357
5.5 0.9968762516297093
6.0 0.9975064876123635
6.5 0.9941640094576906
7.0 1.001826809843312
7.5 1.0008838765005772
8.0 1.005289373097894
8.5 1.002253427136213
9.0 1.0046645144198072
9.5 1.0006865774924867
