0.7980027005925345
0.7991314178477436
0.8005400764729416
0.8016652211975206
0.8030694353078243
0.8041910412109764
0.8055908526118903
0.8067089528760165
0.8081044027217504
0.809219030013904
0.8103321241164083
0.8117213453045129
0.8128310127334801
0.8142159703108832
0.8153222425198883
0.8164270157129945
0.7977404092366778
0.7991466158793432
0.8005503524536799
0.8016715719841603
0.8030708950459227
0.8041886003815913
0.805583551300551
0.8066977752788531
0.8080883947824987
0.8091991697326433
0.810308422028207
0.8116928556739595
0.8127987047639723
0.8141789039322349
0.8152813809490188
0.8163823691359231
0.7977651991059953
0.7991665091603285
0.8002857905339861
0.8016826947050086
0.8030771690493766
0.8041910075445153
0.8055811399693639
0.806691521116617
0.808077351928835
0.8091843077244022
0.8105658766110853
0.8116694385606733
0.8127715021212913
0.8141469837316707
0.8152456981097655
0.8166170122801484
