Azumarill (6 15 15) 1494 41.0 : 94 133 191
Skarmory (0 15 1) 1496 28.5 : 106 172 117
Altaria (0 15 2) 1500 30.0 : 103 158 134
Galarian Stunfisk (0 0 14) 1499 28.0 : 102 121 180
Venusaur (0 13 12) 1498 21.0 : 121 124 124
Registeel (0 14 2) 1498 24.5 : 95 198 127
Registeel (0 15 2) 1500 24.5 : 95 198 127
Bastiodon (11 14 15) 1499 41.0 : 84 239 135
Sableye (15 15 15) 1494 41.0 : 124 120 121
Swampert (0 4 15) 1500 19.5 : 123 106 142
Umbreon (0 14 7) 1498 28.0 : 89 180 158
Tropius (0 0 15) 1493 32.5 : 102 122 178
Tropius (0 1 15) 1498 32.5 : 102 122 178
Meganium (0 15 10) 1498 24.0 : 110 142 131
Deoxys (Defense Forme) (1 14 2) 1499 26.5 : 100 237 96
Hypno (0 15 11) 1500 28.0 : 102 147 148
Alolan Marowak (0 15 3) 1499 35.5 : 110 154 121
Alolan Raichu (8 13 0) 1500 25.0 : 140 112 104
Probopass (0 15 3) 1495 29.0 : 97 209 114
Probopass (0 15 4) 1500 29.0 : 97 209 114
Toxicroak (7 1 15) 1500 23.0 : 140 86 135
Melmetal (0 4 14) 1498 16.0 : 121 104 149
Drifblim (0 0 15) 1495 25.5 : 121 69 221
Stunfisk (0 0 14) 1499 28.0 : 102 121 180
Cresselia (0 14 6) 1495 20.5 : 92 165 161
Cresselia (0 14 7) 1498 20.5 : 92 165 161
Cresselia (0 15 6) 1498 20.5 : 92 165 161
Medicham (15 15 15) 1449 41.0 : 108 133 135
Jirachi (0 15 7) 1498 17.5 : 117 126 130
Whiscash (0 2 15) 1498 29.0 : 109 103 185
Dewgong (0 14 13) 1500 29.5 : 101 139 160
Vigoroth (0 3 15) 1495 30.5 : 117 109 151
Vigoroth (0 4 15) 1500 30.5 : 117 109 151
Shiftry (1 0 15) 1499 25.5 : 136 82 150
Quagsire (0 0 14) 1500 31.0 : 112 106 170
Quagsire (0 1 15) 1496 30.5 : 112 106 170
Lanturn (0 2 15) 1498 29.0 : 105 100 204
Mew (0 15 7) 1498 17.5 : 117 126 130
Lapras (0 1 15) 1497 22.5 : 105 111 185
Gengar (15 0 0) 1496 20.0 : 165 89 93
Haunter (14 0 0) 1497 30.5 : 174 79 94
Haunter (15 1 0) 1498 30.0 : 174 79 94
Zweilous (0 15 15) 1500 32.5 : 119 112 143
Ivysaur (0 15 12) 1499 38.5 : 118 124 131
Uxie (0 15 2) 1494 23.5 : 101 185 119
Uxie (0 15 3) 1498 23.5 : 101 185 119
Skuntank (1 2 15) 1495 25.0 : 124 90 164
Bronzong (0 15 3) 1498 26.5 : 111 157 117
Munchlax (0 0 13) 1497 35.5 : 105 89 229
Munchlax (0 0 14) 1500 35.5 : 105 89 229
Togekiss (0 13 0) 1499 17.5 : 126 129 111
Gallade (11 15 0) 1500 18.0 : 141 119 96
Froslass (0 15 15) 1500 28.0 : 121 117 132
Alolan Ninetales (0 15 11) 1499 25.0 : 114 139 126
Mawile (2 15 15) 1499 39.5 : 124 123 120
Alolan Muk (0 7 15) 1500 21.0 : 116 110 152
Wormadam (Trash Cloak) (5 15 15) 1500 41.0 : 105 151 135
Scrafty (0 14 3) 1496 26.0 : 111 161 113
Scrafty (0 15 3) 1500 26.0 : 111 161 113
Galvantula (0 0 15) 1498 27.0 : 140 89 130
Ferrothorn (0 15 3) 1496 25.5 : 107 161 123
Ferrothorn (0 15 4) 1500 25.5 : 107 161 123
Sirfetch'd (14 4 0) 1498 19.0 : 153 105 92
Charizard (15 12 1) 1500 19.0 : 139 108 109
Shadow Ivysaur (0 15 12) 1499 38.5 : 118 124 131
Mantine (0 15 1) 1496 28.5 : 106 172 117
Noctowl (0 0 14) 1498 30.0 : 106 114 175
Jumpluff (1 14 15) 1479 41.0 : 95 157 156
Jumpluff (1 15 15) 1482 41.0 : 95 157 156
Jumpluff (2 14 15) 1491 41.0 : 95 157 156
Jumpluff (2 15 15) 1495 41.0 : 95 157 156
Wigglytuff (0 0 15) 1499 34.5 : 118 68 235
Clefable (0 6 14) 1498 24.0 : 116 110 151
Victreebel (4 0 14) 1499 24.0 : 138 88 134
Lugia (0 15 8) 1500 15.5 : 102 171 128
Victini (0 15 7) 1498 17.5 : 117 126 130
Seismitoad (1 0 15) 1496 23.0 : 121 96 159
Alomomola (0 3 15) 1499 28.0 : 98 95 250
Escavalier (1 15 2) 1498 20.0 : 134 121 104
Beedrill (0 1 15) 1496 35.0 : 129 100 136
Galarian Linoone (0 10 15) 1495 41.0 : 113 110 160
Perrserker (0 15 10) 1498 24.0 : 128 116 119
Obstagoon (0 14 15) 1500 21.5 : 111 129 141
Blastoise (0 14 1) 1496 24.0 : 112 145 124
Blastoise (0 14 2) 1500 24.0 : 112 145 124
Blastoise (0 15 1) 1500 24.0 : 112 145 124
Poliwrath (0 14 15) 1498 22.0 : 114 124 139
Snorlax (0 5 15) 1495 18.0 : 108 99 196
Snorlax (0 6 15) 1499 18.0 : 108 99 196
Magneton (13 14 0) 1500 22.5 : 150 116 87
Muk (0 7 15) 1500 21.0 : 116 110 152
Blaziken (14 0 4) 1499 20.0 : 152 84 116
Magnezone (2 15 0) 1499 18.0 : 136 125 97
Drapion (0 15 2) 1497 24.0 : 118 142 114
Steelix (0 15 6) 1499 24.5 : 98 190 124
Kingdra (0 15 4) 1497 22.0 : 122 131 116
Empoleon (0 15 11) 1494 19.5 : 124 119 123
Empoleon (0 15 12) 1497 19.5 : 124 119 123
Hitmontop (2 15 0) 1497 27.5 : 123 156 96
Regirock (0 12 0) 1498 19.0 : 104 187 111
Sealeo (0 2 15) 1494 41.0 : 109 107 177
Sealeo (0 3 15) 1500 41.0 : 109 107 177
Suicune (0 15 15) 1494 19.0 : 105 146 140
Linoone (0 10 15) 1495 41.0 : 113 110 160
Marshtomp (0 5 15) 1498 37.0 : 121 107 145
Regice (0 12 0) 1498 19.0 : 104 187 111
