1.0 24
1.5 49
2.0 75
2.5 100
3.0 126
3.5 152
4.0 177
4.5 203
5.0 229
5.5 254
6.0 280
6.5 306
7.0 331
7.5 357
8.0 383
8.5 407
9.0 434
9.5 459
10.0 485
10.5 509
11.0 534
11.5 558
12.0 582
12.5 606
13.0 631
13.5 655
14.0 679
14.5 704
15.0 728
15.5 752
16.0 776
16.5 800
17.0 825
17.5 849
18.0 873
18.5 898
19.0 922
19.5 946
20.0 970
20.5 995
21.0 1019
21.5 1043
22.0 1068
22.5 1092
23.0 1116
23.5 1140
24.0 1165
24.5 1189
25.0 1213
25.5 1238
26.0 1262
26.5 1286
27.0 1310
27.5 1335
28.0 1359
28.5 1383
29.0 1407
29.5 1432
30.0 1456
30.5 1468
31.0 1480
31.5 1492
32.0 1505
32.5 1517
33.0 1529
33.5 1541
34.0 1553
34.5 1565
35.0 1577
35.5 1590
36.0 1601
36.5 1614
37.0 1626
37.5 1638
38.0 1650
38.5 1662
39.0 1674
39.5 1687
40.0 1699
40.5 1709
41.0 1720
