1408 120 (0) 114 (1) 135 (0) 40.0
1413 120 (0) 115 (2) 135 (0) 40.0
1418 120 (0) 115 (3) 135 (0) 40.0
1481 120 (0) 116 (3) 134 (14) 40.0
1490 119 (0) 116 (4) 134 (15) 40.0
1428 119 (0) 116 (5) 134 (0) 40.0
1495 119 (0) 117 (5) 134 (15) 40.0
1433 119 (0) 117 (6) 134 (0) 40.0
1438 119 (0) 117 (7) 134 (0) 40.0
1442 119 (0) 118 (8) 134 (0) 40.0
1484 120 (0) 120 (8) 130 (9) 40.0
1484 120 (0) 121 (9) 129 (8) 40.0
1452 118 (0) 119 (10) 133 (0) 40.0
1484 120 (0) 122 (10) 128 (7) 40.0
1457 118 (0) 120 (11) 133 (0) 40.0
1461 118 (0) 120 (12) 133 (0) 40.0
1466 118 (0) 121 (13) 133 (0) 40.0
1485 120 (0) 124 (13) 126 (4) 40.0
1499 119 (0) 123 (13) 127 (7) 40.0
1471 118 (0) 122 (14) 132 (0) 40.0
1485 120 (0) 125 (14) 125 (3) 40.0
1475 118 (0) 122 (15) 132 (0) 40.0
1485 120 (0) 126 (15) 124 (2) 40.0
1499 119 (0) 125 (15) 126 (5) 40.0
1413 117 (1) 123 (0) 132 (0) 40.0
1418 121 (1) 114 (1) 135 (0) 40.0
1480 121 (1) 115 (1) 134 (14) 40.0
1485 121 (1) 115 (1) 134 (15) 40.0
1482 121 (1) 116 (3) 132 (12) 40.0
1482 121 (1) 117 (4) 131 (11) 40.0
1437 120 (1) 116 (5) 134 (0) 40.0
1479 121 (1) 118 (5) 130 (9) 40.0
1483 121 (1) 118 (5) 130 (10) 40.0
1442 120 (1) 117 (6) 134 (0) 40.0
1484 121 (1) 118 (6) 130 (9) 40.0
1484 121 (1) 119 (7) 129 (8) 40.0
1485 121 (1) 121 (9) 127 (6) 40.0
1461 119 (1) 119 (10) 133 (0) 40.0
1480 121 (1) 122 (10) 126 (4) 40.0
1485 121 (1) 122 (10) 126 (5) 40.0
1466 119 (1) 120 (11) 133 (0) 40.0
1485 121 (1) 122 (11) 126 (4) 40.0
1485 121 (1) 123 (12) 125 (3) 40.0
1485 121 (1) 124 (13) 124 (2) 40.0
1485 121 (1) 125 (14) 123 (1) 40.0
1485 118 (1) 122 (15) 132 (0) 40.0
1485 122 (2) 114 (0) 134 (14) 40.0
1481 122 (2) 115 (1) 132 (12) 40.0
1478 122 (2) 116 (3) 130 (9) 40.0
1483 122 (2) 116 (3) 130 (10) 40.0
1483 122 (2) 117 (4) 130 (9) 40.0
1447 120 (2) 116 (5) 134 (0) 40.0
1484 122 (2) 118 (5) 129 (8) 40.0
1498 121 (2) 118 (6) 130 (10) 40.0
1485 122 (2) 119 (7) 127 (6) 40.0
1498 121 (2) 119 (7) 129 (9) 40.0
1466 120 (2) 118 (9) 133 (0) 40.0
1485 122 (2) 121 (9) 126 (4) 40.0
1485 122 (2) 122 (10) 125 (3) 40.0
1485 122 (2) 123 (12) 123 (1) 40.0
1499 122 (3) 113 (0) 134 (15) 40.0
1436 122 (3) 113 (1) 134 (0) 40.0
1497 122 (3) 116 (4) 130 (10) 40.0
1499 122 (3) 119 (7) 127 (7) 40.0
1486 120 (3) 119 (11) 132 (0) 40.0
1441 119 (4) 122 (0) 131 (0) 40.0
1482 123 (4) 114 (0) 130 (9) 40.0
1446 122 (4) 113 (1) 134 (0) 40.0
1483 123 (4) 115 (1) 129 (8) 40.0
1484 123 (4) 116 (3) 127 (6) 40.0
1485 123 (4) 118 (5) 126 (4) 40.0
1476 121 (4) 116 (7) 132 (0) 40.0
1485 123 (4) 119 (7) 124 (2) 40.0
1485 123 (4) 120 (8) 123 (1) 40.0
1482 124 (5) 114 (0) 128 (7) 40.0
1483 124 (5) 115 (1) 127 (6) 40.0
1484 124 (5) 116 (3) 126 (4) 40.0
1484 124 (5) 117 (4) 125 (3) 40.0
1475 122 (5) 115 (5) 132 (0) 40.0
1485 124 (5) 118 (5) 124 (2) 40.0
1485 121 (5) 116 (7) 132 (0) 40.0
1499 123 (5) 119 (7) 124 (3) 40.0
1495 121 (5) 117 (9) 131 (0) 40.0
1497 124 (6) 113 (0) 128 (8) 40.0
1464 123 (6) 112 (1) 133 (0) 40.0
1483 125 (6) 115 (1) 126 (4) 40.0
1484 125 (6) 116 (3) 124 (2) 40.0
1484 125 (6) 117 (4) 123 (1) 40.0
1490 122 (6) 115 (6) 132 (0) 40.0
1483 126 (7) 114 (0) 125 (3) 40.0
1483 126 (7) 115 (1) 124 (2) 40.0
1484 123 (7) 113 (3) 132 (0) 40.0
1489 123 (7) 113 (4) 132 (0) 40.0
1487 121 (9) 120 (0) 129 (0) 40.0
1492 124 (9) 111 (1) 131 (0) 40.0
1498 124 (9) 111 (2) 131 (0) 40.0
