Registeel (15 15 15) 2478 41.0 : 126 239 163
Giratina (Altered Forme) (0 6 14) 2495 28.5 : 133 165 213
Giratina (Altered Forme) (0 6 15) 2499 28.5 : 133 165 213
Giratina (Altered Forme) (0 7 14) 2500 28.5 : 133 165 213
Swampert (0 0 13) 2499 36.0 : 160 134 183
Swampert (1 0 14) 2498 35.5 : 160 134 183
Alolan Muk (0 1 15) 2489 41.0 : 151 138 197
Alolan Muk (0 2 15) 2496 41.0 : 151 138 197
Cresselia (0 15 13) 2499 37.5 : 118 212 212
Snorlax (0 0 15) 2497 31.0 : 140 125 255
Lickilicky (15 15 14) 2493 41.0 : 140 156 204
Lickilicky (15 15 15) 2498 41.0 : 140 156 204
Charizard (15 9 0) 2500 34.0 : 180 138 141
Escavalier (1 15 3) 2498 36.5 : 173 156 135
Scrafty (15 14 15) 2307 41.0 : 142 188 142
Scrafty (15 15 15) 2312 41.0 : 142 188 142
Giratina (Origin Forme) (2 1 15) 2497 26.0 : 155 128 204
Uxie (11 15 15) 2496 41.0 : 133 227 156
Togekiss (0 15 0) 2495 29.0 : 162 167 142
Zangoose (14 15 15) 2438 41.0 : 188 111 153
Zangoose (15 15 15) 2448 41.0 : 188 111 153
Shiftry (15 15 15) 2362 41.0 : 171 108 177
Steelix (15 15 15) 2445 41.0 : 130 228 156
Blastoise (15 15 14) 2491 41.0 : 148 177 161
Blastoise (15 15 15) 2497 41.0 : 148 177 161
Typhlosion (15 9 0) 2500 34.0 : 180 138 141
Meganium (15 15 15) 2441 41.0 : 146 173 163
Mew (0 15 10) 2499 29.0 : 151 162 169
Articuno (0 15 0) 2499 34.0 : 145 190 156
Lapras (3 14 15) 2489 41.0 : 134 150 232
Lapras (3 15 15) 2496 41.0 : 134 150 232
Gyarados (0 0 15) 2498 28.5 : 169 133 165
Gengar (15 1 0) 2497 36.5 : 213 116 119
Poliwrath (6 15 15) 2499 41.0 : 150 158 177
Clefable (14 15 15) 2455 41.0 : 153 141 184
Clefable (15 15 15) 2468 41.0 : 153 141 184
Sirfetch'd (15 2 0) 2499 33.5 : 198 134 119
Venusaur (0 15 13) 2498 39.5 : 156 161 160
Suicune (0 15 8) 2500 34.5 : 137 190 177
Obstagoon (1 15 15) 2493 41.0 : 144 166 181
Armored Mewtwo (0 15 0) 2500 31.5 : 135 217 159
Seismitoad (9 12 15) 2497 41.0 : 157 129 197
Conkeldurr (1 0 14) 2494 29.0 : 176 114 178
Conkeldurr (1 0 15) 2499 29.0 : 176 114 178
Melmetal (0 6 15) 2499 26.5 : 155 135 192
Toxicroak (15 11 15) 2485 41.0 : 180 115 167
Toxicroak (15 12 15) 2494 41.0 : 180 115 167
Drapion (15 15 15) 2484 41.0 : 155 173 149
Garchomp (3 0 14) 2498 24.0 : 173 126 166
Drifblim (15 15 15) 2412 41.0 : 155 93 260
Jirachi (0 15 10) 2499 29.0 : 151 162 169
Regice (0 15 0) 2496 33.0 : 134 243 142
Wigglytuff (15 15 15) 1951 41.0 : 136 84 247
Whiscash (15 15 14) 2098 41.0 : 132 124 204
Whiscash (15 15 15) 2102 41.0 : 132 124 204
Flygon (0 13 15) 2497 41.0 : 163 144 163
Shadow Machamp (2 0 13) 2500 33.5 : 178 120 166
Dragonite (15 4 0) 2497 24.5 : 184 134 138
Cloyster (15 15 5) 2493 41.0 : 160 216 113
Primeape (15 15 15) 2317 41.0 : 177 122 142
Machamp (2 0 13) 2500 33.5 : 178 120 166
Kingdra (1 15 15) 2496 41.0 : 155 166 156
Ursaring (13 0 14) 2497 33.0 : 187 108 166
Ursaring (14 0 15) 2492 32.5 : 187 108 166
Umbreon (15 15 15) 2164 41.0 : 112 203 184
Politoed (14 15 15) 2467 41.0 : 150 154 177
Politoed (15 15 15) 2480 41.0 : 150 154 177
Deoxys (Defense Forme) (14 14 15) 2285 41.0 : 126 274 121
Deoxys (Defense Forme) (14 15 15) 2288 41.0 : 126 274 121
Deoxys (Defense Forme) (15 14 15) 2299 41.0 : 126 274 121
Deoxys (Defense Forme) (15 15 15) 2302 41.0 : 126 274 121
Kangaskhan (6 15 15) 2498 41.0 : 149 143 197
Victini (0 15 10) 2499 29.0 : 151 162 169
Golurk (3 0 15) 2494 37.5 : 175 120 171
Golem (0 14 1) 2500 36.0 : 162 163 147
Alolan Ninetales (15 14 15) 2332 41.0 : 147 165 153
Alolan Ninetales (15 15 15) 2338 41.0 : 147 165 153
Cobalion (0 15 0) 2495 34.5 : 146 185 159
Virizion (0 15 0) 2495 34.5 : 146 185 159
Alolan Sandslash (15 15 15) 2463 41.0 : 153 167 156
Donphan (0 12 15) 2495 32.5 : 160 147 166
Gallade (4 15 1) 2498 31.5 : 179 156 126
Gliscor (0 14 11) 2490 41.0 : 147 188 153
Gliscor (0 14 12) 2497 41.0 : 147 188 153
Gliscor (0 15 11) 2496 41.0 : 147 188 153
Lugia (0 14 4) 2491 26.0 : 131 221 163
Lugia (0 14 5) 2497 26.0 : 131 221 163
Lugia (0 15 4) 2495 26.0 : 131 221 163
Lugia (0 15 5) 2500 26.0 : 131 221 163
Feraligatr (0 15 13) 2498 36.0 : 157 156 162
Lucario (15 0 0) 2498 41.0 : 200 115 137
Noctowl (15 15 15) 2050 41.0 : 127 136 191
Honchkrow (8 0 15) 2496 41.0 : 200 82 191
Granbull (15 5 15) 2494 41.0 : 181 108 177
Heracross (15 1 12) 2499 29.5 : 181 131 147
Hariyama (1 0 15) 2493 40.0 : 166 90 251
Breloom (15 4 6) 2499 41.0 : 204 118 128
Blaziken (14 0 5) 2499 36.5 : 196 109 150
Blaziken (15 1 5) 2498 36.0 : 196 109 150
Regirock (0 15 0) 2496 33.0 : 134 243 142
